-- Elite Hub v1.0.0 | Blox Fruits | Delta/Fluxus/Arceus X/Wave
-- discord.gg/EmsMsHZCVH
-- All features from reference script | No key system

repeat task.wait() until game:GetService("Players").LocalPlayer

-- -- CAPABILITY FLAGS --------------------------------------------------
local HAS_DRAW    = typeof(Drawing)             == "table"
local HAS_WF      = typeof(writefile)           == "function"
local HAS_RF      = typeof(readfile)            == "function"
local HAS_FTI     = typeof(firetouchinterest)   == "function"
local HAS_FCD     = typeof(fireclickdetector)   == "function"
local HAS_FPP     = typeof(fireproximityprompt) == "function"
local HAS_NCC     = typeof(newcclosure)         == "function"
local HAS_CLR     = typeof(cloneref)            == "function"
local HAS_SETSCR  = typeof(setscriptable)       == "function"
local HAS_HIDDEN  = typeof(sethiddenproperty)   == "function"
local HAS_GRM     = typeof(getrawmetatable)     == "function"
local HAS_SRO     = typeof(setreadonly)         == "function"
local HAS_SFF     = typeof(setfflag)            == "function"

local EXEC_NAME = "Unknown"
pcall(function()
    if identifyexecutor then EXEC_NAME = identifyexecutor()
    elseif getexecutorname then EXEC_NAME = getexecutorname() end
end)

-- -- SERVICES ----------------------------------------------------------
local function ref(s)  return (HAS_CLR and cloneref or function(x) return x end)(s) end
local function wrap(f) return (HAS_NCC and newcclosure or function(x) return x end)(f) end

local Players  = ref(game:GetService("Players"))
local RS       = ref(game:GetService("RunService"))
local UIS      = ref(game:GetService("UserInputService"))
local TS       = ref(game:GetService("TweenService"))
local VU       = ref(game:GetService("VirtualUser"))
local Lighting = ref(game:GetService("Lighting"))
local RepStor  = ref(game:GetService("ReplicatedStorage"))
local TeleS    = ref(game:GetService("TeleportService"))
local LP       = Players.LocalPlayer
local Mouse    = LP:GetMouse()
local PG       = LP:WaitForChild("PlayerGui", 10)
local Camera   = workspace.CurrentCamera
local USER_ID  = LP.UserId
local AVATAR   = "rbxthumb://type=AvatarHeadShot&id="..USER_ID.."&w=150&h=150"

print("[Elite Hub] discord.gg/EmsMsHZCVH | v1.0.0")
pcall(function() if setclipboard then setclipboard("https://discord.gg/EmsMsHZCVH") end end)

-- -- SAFE REQUIRE -----------------------------------------------------
local _tbl
_tbl = function(t)
    return setmetatable(t or {},{
        __index = function() return _tbl() end,
        __call  = function() return _tbl() end
    })
end
local _require = require
local require = function(...)
    local ok, r = pcall(_require, ...)
    return ok and r or _tbl()
end

-- -- COMBATFRAMEWORK HOOKS ---------------------------------------------
pcall(function()
    getgenv().A = require(RepStor.CombatFramework.RigLib).wrapAttackAnimationAsync
end)
pcall(function()
    getgenv().B = require(LP.PlayerScripts.CombatFramework.Particle).play
end)

-- -- ANTI-BAN HOOK -----------------------------------------------------
_G.AntiKick = true
pcall(function()
    if HAS_GRM and HAS_SRO and HAS_NCC then
        local grm = getrawmetatable(game)
        setreadonly(grm, false)
        local old = grm.__namecall
        grm.__namecall = newcclosure(function(self, ...)
            local args = {...}
            local a1 = tostring(args[1])
            if _G.AntiKick then
                if a1=="TeleportDetect" or a1=="CHECKER_1" or a1=="CHECKER" or
                   a1=="GUI_CHECK" or a1=="OneMoreTime" or a1=="checkingSPEED" or
                   a1=="BANREMOTE" or a1=="PERMAIDBAN" or a1=="KICKREMOTE" or
                   a1=="BR_KICKPC" or a1=="BR_KICKMOBILE" then
                    return
                end
            end
            return old(self, ...)
        end)
    end
end)

-- -- SETFFLAG (disable abuse screenshots) -----------------------------
_G.setfflag = true
task.spawn(function()
    while task.wait(1) do
        if _G.setfflag and HAS_SFF then
            pcall(function()
                setfflag("AbuseReportScreenshot","False")
                setfflag("AbuseReportScreenshotPercentage","0")
            end)
        end
    end
end)

-- -- SAFE FARM (destroy anti-cheat scripts) ----------------------------
_G.SafeFarm = true
task.spawn(function()
    while task.wait(1) do
        if _G.SafeFarm then
            pcall(function()
                for _,v in pairs(LP.Character:GetDescendants()) do
                    if v:IsA("LocalScript") then
                        if v.Name=="General" or v.Name=="Shiftlock" or v.Name=="FallDamage"
                        or v.Name=="4444" or v.Name=="CamBob" or v.Name=="JumpCD"
                        or v.Name=="Looking" or v.Name=="Run" then
                            v:Destroy()
                        end
                    end
                end
                for _,v in pairs(LP.PlayerScripts:GetDescendants()) do
                    if v:IsA("LocalScript") then
                        if v.Name=="RobloxMotor6DBugFix" or v.Name=="Clans" or v.Name=="Codes"
                        or v.Name=="CustomForceField" or v.Name=="MenuBloodSp"
                        or v.Name=="PlayerList" then
                            v:Destroy()
                        end
                    end
                end
            end)
        end
    end
end)

-- -- REMOVE DEATH / RESPAWN EFFECTS -----------------------------------
pcall(function()
    local ec = RepStor:FindFirstChild("Effect")
    if ec and ec:FindFirstChild("Container") then
        for _, n in ipairs({"Death","Respawn"}) do
            local c = ec.Container:FindFirstChild(n)
            if c then c:Destroy() end
        end
    end
end)

-- -- WORLD DETECTION ---------------------------------------------------
local World1, World2, World3
local PlaceId = game.PlaceId
if PlaceId == 2753915549 then World1 = true
elseif PlaceId == 4442272183 then World2 = true
elseif PlaceId == 7449423635 then World3 = true
end

-- -- CONFIG ------------------------------------------------------------
local CFG = "EliteHub_v1_config.json"

local function cfgDefault() return {
    SelectWeapon="Melee", BringMode=100, BypassTP=false,
    AutoFarm=false, AutoFarmNearest=false, Farmfast=false,
    BringMonster=true, InvisibleMon=false,
    AutoDoughtBoss=false, CakeFMode="No Quest", Kill_At=50,
    Auto_Bone=false, BoneFMode="No Quest",
    AutoFarmFruitMastery=false, AutoFarmGunMastery=false, AutoSwordMastery=false,
    AutoFarmBoss=false, SelectBoss="Gorilla King",
    AutoAllBoss=false,
    AutoFactory=false, RaidPirate=false,
    Namfon=false, AutoDarkDagger=false,
    AutoDarkDagger_Hop=false, AutodoughkingHop=false,
    AutoArenaTrainerHop=false, Autogay=false,
    AutoRengoku=false, AutoMusketeerHat=false,
    Auto_Rainbow_Haki=false, AutoBartilo=false,
    Auto_EvoRace=false, Auto_Cursed_Dual_Katana=false,
    AutoDeathStep=false, AutoSharkman=false, AutoElectricClaw=false,
    Auto_God_Human=false,
    Open_Color_Haki=false, AutoEctoplasm=false,
    ESPPlayer=false, ESPMob=false, ESPSeaBeast=false,
    ESPChest=false, ESPFruit=false,
    FlyEnabled=false, FlySpeed=60,
    InfEnergy=false, NoDodgeCooldown=false,
    WalkWater=false, FastAttack=false,
    AutoHakiEnabled=true, AutoRespawn=true,
    AntiAFK=true, AntiKick=true,
    UseSkillZ=false, UseSkillX=false, UseSkillC=false, UseSkillV=false,
    AutoStatEnabled=false, StatPriority="Melee",
    AutoSpawnPoint=false, ServerHop=false,
    BlackScreen=false, WhiteScreen=false,
    FruitNotify=true, FruitNotifyRange=500,
    AccentPreset="Cyan", ToggleKey="RightShift",
    SavedPosX=0, SavedPosY=0, SavedPosZ=0,
} end

local function encodeJSON(d)
    local t = {}
    for k,v in pairs(d) do
        local s
        if type(v)=="boolean" then s=tostring(v)
        elseif type(v)=="number" then s=tostring(v)
        else s='"'..tostring(v):gsub('\\','\\\\'):gsub('"','\\"')..'"' end
        t[#t+1] = '"'..k..'":'..s
    end
    return "{"..table.concat(t,",").."}"
end

local function decodeJSON(raw, def)
    local d = {}
    for k,v in pairs(def) do d[k]=v end
    pcall(function()
        for k in pairs(def) do
            local v = raw:match('"'..k..'":%s*(.-)%s*[,}%]]')
            if v then
                v = v:gsub("^%s+",""):gsub("%s+$","")
                if v=="true" then d[k]=true
                elseif v=="false" then d[k]=false
                elseif tonumber(v) then d[k]=tonumber(v)
                else d[k]=v:gsub('^"',''):gsub('"$','') end
            end
        end
    end)
    return d
end

local cfg = cfgDefault()
pcall(function()
    if HAS_RF then
        local raw = readfile(CFG)
        if raw and #raw > 2 then
            cfg = decodeJSON(raw, cfgDefault())
        end
    end
end)

local function saveConfig()
    pcall(function()
        if HAS_WF then writefile(CFG, encodeJSON(cfg)) end
    end)
end

-- -- GLOBAL STATE -----------------------------------------------------
_G.AutoFarm         = cfg.AutoFarm
_G.AutoFarmNearest  = cfg.AutoFarmNearest
_G.Farmfast         = cfg.Farmfast
_G.BringMonster     = cfg.BringMonster
_G.BringMode        = cfg.BringMode or 100
_G.AutoDoughtBoss   = cfg.AutoDoughtBoss
_G.Auto_Bone        = cfg.Auto_Bone
_G.AutoFarmFruitMastery = cfg.AutoFarmFruitMastery
_G.AutoFarmGunMastery   = cfg.AutoFarmGunMastery
_G.AutoSwordMastery     = cfg.AutoSwordMastery
_G.AutoFarmBoss     = cfg.AutoFarmBoss
_G.AutoAllBoss      = cfg.AutoAllBoss
_G.SelectBoss       = cfg.SelectBoss or "Gorilla King"
_G.SelectWeapon     = cfg.SelectWeapon or "Melee"
_G.Kill_At          = cfg.Kill_At or 50
_G.AntiKick         = cfg.AntiKick
_G.AutoHakiEnabled  = cfg.AutoHakiEnabled
_G.StopTween        = false

local BypassTP       = cfg.BypassTP
local Mon            = "Bandit"
local NameMon        = "Bandit"
local NameQuest      = "BanditQuest1"
local LevelQuest     = 1
local CFrameQuest    = CFrame.new(0,0,0)
local CFrameMon      = CFrame.new(0,0,0)
local MyLevel        = 1
local Pos            = CFrame.new(0, 2, -2)
local PosMon         = CFrame.new(0,0,0)
local StartMagnet    = false
local StartMagnetBoneMon = false
local StartMasteryFruitMagnet = false
local StartMasteryGunMagnet   = false
local AutoSwordMasteryMag     = false
local MagnetDought   = false
local CakeFMode      = cfg.CakeFMode or "No Quest"
local BoneFMode      = cfg.BoneFMode or "No Quest"
local PosMonBone     = CFrame.new(0,0,0)
local PosMonMasteryFruit = CFrame.new(0,0,0)
local PosMonMasteryGun   = CFrame.new(0,0,0)
local ESPPlayer      = cfg.ESPPlayer
local ESPMob         = cfg.ESPMob
local ESPChest       = cfg.ESPChest
local ESPFruit       = cfg.ESPFruit
local ESPSeaBeast    = cfg.ESPSeaBeast
local Fastattack     = cfg.FastAttack
local BoneQuestPos   = CFrame.new(-9516.99316,172.017181,6078.46533,0,0,-1,0,1,0,1,0,0)
local CakeQuestPos   = CFrame.new(-709.3132934570312,381.6005859375,-11011.396484375)
local Ms             = ""
local OldCFrameBartlio = CFrame.new(0,0,0)
local OldCFrameElephant = CFrame.new(0,0,0)
local OldCFrameRainbow  = CFrame.new(0,0,0)
local OldCFrameShark    = CFrame.new(0,0,0)
local PosMonBarto    = CFrame.new(0,0,0)
local AutoBartiloBring = false
local PosMonDoughtOpenDoor = CFrame.new(0,0,0)
local StartRengokuMagnet   = false
local RengokuMon           = CFrame.new(0,0,0)
local MusketeerHatMon      = CFrame.new(0,0,0)
local StartMagnetMusketeerhat = false
local EctoplasmMon         = CFrame.new(0,0,0)
local StartEctoplasmMagnet = false
local FastMon              = CFrame.new(0,0,0)
local StardMag             = false
local Sword                = _G.SelectWeapon
local Auto_Cursed_Dual_Katana = false
local Auto_Quest_Yama_1    = false
local Auto_Quest_Yama_2    = false
local Auto_Quest_Yama_3    = false
local Auto_Quest_Tushita_1 = false
local Auto_Quest_Tushita_2 = false
local Auto_Quest_Tushita_3 = false
local UseSkill             = false
local InMyNetWorkFn

-- -- UTILITY FUNCTIONS -------------------------------------------------
local function GetChar()
    return LP.Character
end

local function GetHRP()
    local c = GetChar()
    return c and c:FindFirstChild("HumanoidRootPart")
end

local function topos(cf)
    pcall(function()
        local hrp = GetHRP()
        if hrp then hrp.CFrame = cf end
    end)
end

local function TP1(cf)
    topos(cf)
end

local function BTP(cf)
    pcall(function()
        local hrp = GetHRP()
        if not hrp then return end
        local dist = (hrp.Position - cf.Position).Magnitude
        if dist > 1500 then
            local steps = math.ceil(dist/1400)
            for i = 1, steps do
                hrp.CFrame = hrp.CFrame:Lerp(cf, i/steps)
                task.wait(0.05)
            end
        else
            hrp.CFrame = cf
        end
    end)
end

local function EquipWeapon(name)
    pcall(function()
        if not name or name == "" then return end
        local bp = LP.Backpack:FindFirstChild(name)
        if bp then
            LP.Character.Humanoid:EquipTool(bp)
        end
    end)
end

local function UnEquipWeapon(name)
    pcall(function()
        if not name or name == "" then return end
        local tool = LP.Character and LP.Character:FindFirstChild(name)
        if tool and tool:IsA("Tool") then
            LP.Humanoid:UnequipTools()
        end
    end)
end

local function AutoHaki()
    pcall(function()
        if _G.AutoHakiEnabled then
            RepStor.Remotes.CommF_:InvokeServer("Buso")
        end
    end)
end

local function Click()
    pcall(function()
        VU:CaptureController()
        VU:Button1Down(Vector2.new(1280,672))
    end)
end

local function StopTween(v)
    if not v then
        _G.StopTween = true
        task.wait(0.1)
        _G.StopTween = false
    end
end

InMyNetWorkFn = function(part)
    local ok = pcall(function()
        if typeof(isnetworkowner) == "function" then
            return isnetworkowner(part)
        end
    end)
    return ok
end

local function round(n) return math.floor(n + 0.5) end

local function GetMaterial(name)
    local data = LP:FindFirstChild("Data")
    if data then
        local mat = data:FindFirstChild(name)
        if mat then return mat.Value end
    end
    return 0
end

-- -- SERVER HOP --------------------------------------------------------
local function Hop()
    pcall(function()
        local PID = game.PlaceId
        local ok, data = pcall(function()
            return game:HttpGet("https://games.roblox.com/v1/games/"..PID.."/servers/Public?sortOrder=Desc&limit=100")
        end)
        if ok then
            local decoded = game:GetService("HttpService"):JSONDecode(data)
            if decoded and decoded.data then
                for _,v in pairs(decoded.data) do
                    if tonumber(v.maxPlayers) > tonumber(v.playing) and v.id ~= game.JobId then
                        TeleS:TeleportToPlaceInstance(PID, v.id, LP)
                        return
                    end
                end
            end
        end
        TeleS:Teleport(PID, LP)
    end)
end

local function hop() Hop() end

-- -- SIMULATION RADIUS LOOP --------------------------------------------
task.spawn(function()
    while true do
        task.wait()
        pcall(function()
            if HAS_SETSCR then setscriptable(LP,"SimulationRadius",true) end
            if HAS_HIDDEN then sethiddenproperty(LP,"SimulationRadius",math.huge) end
        end)
    end
end)

-- -- CHECK QUEST (full CFrame data, all 3 seas) ------------------------
local function CheckQuest()
    pcall(function()
        MyLevel = LP.Data.Level.Value
        if World1 then
            if MyLevel <= 9 then
                Mon="Bandit" LevelQuest=1 NameQuest="BanditQuest1" NameMon="Bandit"
                CFrameQuest=CFrame.new(1059.37195,15.4495068,1550.4231,0.939700544,-0,-0.341998369,0,1,-0,0.341998369,0,0.939700544)
                CFrameMon=CFrame.new(1045.962646,27.002508,1560.820312)
            elseif MyLevel <= 14 then
                Mon="Monkey" LevelQuest=1 NameQuest="JungleQuest" NameMon="Monkey"
                CFrameQuest=CFrame.new(-1598.08911,35.5501175,153.377838,0,0,1,0,1,-0,-1,0,0)
                CFrameMon=CFrame.new(-1448.518066,67.853012,11.465796)
            elseif MyLevel <= 29 then
                Mon="Gorilla" LevelQuest=2 NameQuest="JungleQuest" NameMon="Gorilla"
                CFrameQuest=CFrame.new(-1598.08911,35.5501175,153.377838,0,0,1,0,1,-0,-1,0,0)
                CFrameMon=CFrame.new(-1129.883667,40.463547,-525.423706)
            elseif MyLevel <= 39 then
                Mon="Pirate" LevelQuest=1 NameQuest="BuggyQuest1" NameMon="Pirate"
                CFrameQuest=CFrame.new(-1141.07483,4.10001802,3831.5498,0.965929627,-0,-0.258804798,0,1,-0,0.258804798,0,0.965929627)
                CFrameMon=CFrame.new(-1103.513427,13.752052,3896.091064)
            elseif MyLevel <= 59 then
                Mon="Brute" LevelQuest=2 NameQuest="BuggyQuest1" NameMon="Brute"
                CFrameQuest=CFrame.new(-1141.07483,4.10001802,3831.5498,0.965929627,-0,-0.258804798,0,1,-0,0.258804798,0,0.965929627)
                CFrameMon=CFrame.new(-1140.083740,14.809885,4322.921386)
            elseif MyLevel <= 74 then
                Mon="Desert Bandit" LevelQuest=1 NameQuest="DesertQuest" NameMon="Desert Bandit"
                CFrameQuest=CFrame.new(894.488647,5.14000702,4392.43359,0.819155693,-0,-0.573571265,0,1,-0,0.573571265,0,0.819155693)
                CFrameMon=CFrame.new(924.799804,6.448674,4481.585937)
            elseif MyLevel <= 89 then
                Mon="Desert Officer" LevelQuest=2 NameQuest="DesertQuest" NameMon="Desert Officer"
                CFrameQuest=CFrame.new(894.488647,5.14000702,4392.43359,0.819155693,-0,-0.573571265,0,1,-0,0.573571265,0,0.819155693)
                CFrameMon=CFrame.new(1608.282226,8.614224,4371.007324)
            elseif MyLevel <= 99 then
                Mon="Snow Bandit" LevelQuest=1 NameQuest="SnowQuest" NameMon="Snow Bandit"
                CFrameQuest=CFrame.new(1389.74451,88.1519318,-1298.90796,-0.342042685,0,0.939684391,0,1,0,-0.939684391,0,-0.342042685)
                CFrameMon=CFrame.new(1354.347900,87.272773,-1393.946533)
            elseif MyLevel <= 119 then
                Mon="Snowman" LevelQuest=2 NameQuest="SnowQuest" NameMon="Snowman"
                CFrameQuest=CFrame.new(1389.74451,88.1519318,-1298.90796,-0.342042685,0,0.939684391,0,1,0,-0.939684391,0,-0.342042685)
                CFrameMon=CFrame.new(1201.641235,144.579589,-1550.067016)
            elseif MyLevel <= 149 then
                Mon="Chief Petty Officer" LevelQuest=1 NameQuest="MarineQuest2" NameMon="Chief Petty Officer"
                CFrameQuest=CFrame.new(-5039.58643,27.3500385,4324.68018,0,0,-1,0,1,0,1,0,0)
                CFrameMon=CFrame.new(-4881.230957,22.652044,4273.752441)
            elseif MyLevel <= 174 then
                Mon="Sky Bandit" LevelQuest=1 NameQuest="SkyQuest" NameMon="Sky Bandit"
                CFrameQuest=CFrame.new(-4839.53027,716.368591,-2619.44165,0.866007268,0,0.500031412,0,1,0,-0.500031412,0,0.866007268)
                CFrameMon=CFrame.new(-4953.207031,295.744201,-2899.229003)
            elseif MyLevel <= 189 then
                Mon="Dark Master" LevelQuest=2 NameQuest="SkyQuest" NameMon="Dark Master"
                CFrameQuest=CFrame.new(-4839.53027,716.368591,-2619.44165,0.866007268,0,0.500031412,0,1,0,-0.500031412,0,0.866007268)
                CFrameMon=CFrame.new(-5259.844726,391.397674,-2229.035400)
            elseif MyLevel <= 209 then
                Mon="Prisoner" LevelQuest=1 NameQuest="PrisonerQuest" NameMon="Prisoner"
                CFrameQuest=CFrame.new(5308.93115,1.65517521,475.120514,-0.0894274712,-5.00292918e-09,-0.995993316,1.60817859e-09,1,-5.16744869e-09,0.995993316,-2.06384709e-09,-0.0894274712)
                CFrameMon=CFrame.new(5098.973632,-0.320405,474.237335)
            elseif MyLevel <= 249 then
                Mon="Dangerous Prisoner" LevelQuest=2 NameQuest="PrisonerQuest" NameMon="Dangerous Prisoner"
                CFrameQuest=CFrame.new(5308.93115,1.65517521,475.120514,-0.0894274712,-5.00292918e-09,-0.995993316,1.60817859e-09,1,-5.16744869e-09,0.995993316,-2.06384709e-09,-0.0894274712)
                CFrameMon=CFrame.new(5654.563476,15.633401,866.299194)
            elseif MyLevel <= 274 then
                Mon="Toga Warrior" LevelQuest=1 NameQuest="ColosseumQuest" NameMon="Toga Warrior"
                CFrameQuest=CFrame.new(-1580.04663,6.35000277,-2986.47534,-0.515037298,0,-0.857167721,0,1,0,0.857167721,0,-0.515037298)
                CFrameMon=CFrame.new(-1820.214843,51.683856,-2740.665039)
            elseif MyLevel <= 299 then
                Mon="Gladiator" LevelQuest=2 NameQuest="ColosseumQuest" NameMon="Gladiator"
                CFrameQuest=CFrame.new(-1580.04663,6.35000277,-2986.47534,-0.515037298,0,-0.857167721,0,1,0,0.857167721,0,-0.515037298)
                CFrameMon=CFrame.new(-1292.838134,56.380882,-3339.031494)
            elseif MyLevel <= 324 then
                Mon="Military Soldier" LevelQuest=1 NameQuest="MagmaQuest" NameMon="Military Soldier"
                CFrameQuest=CFrame.new(-5313.37012,10.9500084,8515.29395,-0.499959469,0,0.866048813,0,1,0,-0.866048813,0,-0.499959469)
                CFrameMon=CFrame.new(-5411.164550,11.081554,8454.292968)
            elseif MyLevel <= 374 then
                Mon="Military Spy" LevelQuest=2 NameQuest="MagmaQuest" NameMon="Military Spy"
                CFrameQuest=CFrame.new(-5313.37012,10.9500084,8515.29395,-0.499959469,0,0.866048813,0,1,0,-0.866048813,0,-0.499959469)
                CFrameMon=CFrame.new(-5802.868164,86.262413,8828.859375)
            elseif MyLevel <= 399 then
                Mon="Fishman Warrior" LevelQuest=1 NameQuest="FishmanQuest" NameMon="Fishman Warrior"
                CFrameQuest=CFrame.new(61122.65234375,18.497442,1569.3997802734)
                CFrameMon=CFrame.new(60878.300781,18.482830,1543.757446)
                if _G.AutoFarm and (CFrameQuest.Position - GetHRP().Position).Magnitude > 10000 then
                    pcall(function() RepStor.Remotes.CommF_:InvokeServer("requestEntrance",Vector3.new(61163.8515625,11.6796875,1819.7841796875)) end)
                end
            elseif MyLevel <= 449 then
                Mon="Fishman Raider" LevelQuest=2 NameQuest="FishmanQuest" NameMon="Fishman Raider"
                CFrameQuest=CFrame.new(61122.65234375,18.497442,1569.3997802734)
                CFrameMon=CFrame.new(61000.210937,17.978466,1449.506713)
                if _G.AutoFarm and (CFrameQuest.Position - GetHRP().Position).Magnitude > 10000 then
                    pcall(function() RepStor.Remotes.CommF_:InvokeServer("requestEntrance",Vector3.new(61163.8515625,11.6796875,1819.7841796875)) end)
                end
            elseif MyLevel <= 474 then
                Mon="Undead Pirate" LevelQuest=1 NameQuest="ZombieQuest" NameMon="Undead Pirate"
                CFrameQuest=CFrame.new(-5071.27783,2.14999557,-3131.86182,0.694670916,0,0.71934664,0,1,0,-0.71934664,0,0.694670916)
                CFrameMon=CFrame.new(-5079.720214,3.800252,-3200.618164)
            elseif MyLevel <= 524 then
                Mon="Zombie" LevelQuest=2 NameQuest="ZombieQuest" NameMon="Zombie"
                CFrameQuest=CFrame.new(-5071.27783,2.14999557,-3131.86182,0.694670916,0,0.71934664,0,1,0,-0.71934664,0,0.694670916)
                CFrameMon=CFrame.new(-5685.923339,48.480125,-853.237243)
            elseif MyLevel <= 549 then
                Mon="Galley Pirate" LevelQuest=1 NameQuest="GalleyQuest" NameMon="Galley Pirate"
                CFrameQuest=CFrame.new(-3438.81372,2.07350254,1551.21265,-0.731332898,0,0.682017028,0,1,0,-0.682017028,0,-0.731332898)
                CFrameMon=CFrame.new(-3457.282226,2.655472,1636.217285)
            elseif MyLevel <= 624 then
                Mon="Galley Captain" LevelQuest=2 NameQuest="GalleyQuest" NameMon="Galley Captain"
                CFrameQuest=CFrame.new(-3438.81372,2.07350254,1551.21265,-0.731332898,0,0.682017028,0,1,0,-0.682017028,0,-0.731332898)
                CFrameMon=CFrame.new(-3476.044189,2.814064,1742.256103)
            elseif MyLevel <= 699 then
                Mon="Marine Recruit" LevelQuest=1 NameQuest="MarineQuest3" NameMon="Marine Recruit"
                CFrameQuest=CFrame.new(438.741394,74.3400116,578.720093,-0.438370198,0,0.898756504,0,1,0,-0.898756504,0,-0.438370198)
                CFrameMon=CFrame.new(413.376464,74.612396,596.393249)
            elseif MyLevel <= 774 then
                Mon="Marine Sergeant" LevelQuest=2 NameQuest="MarineQuest3" NameMon="Marine Sergeant"
                CFrameQuest=CFrame.new(438.741394,74.3400116,578.720093,-0.438370198,0,0.898756504,0,1,0,-0.898756504,0,-0.438370198)
                CFrameMon=CFrame.new(461.484680,76.049995,561.700195)
            elseif MyLevel <= 849 then
                Mon="Swan Pirate" LevelQuest=1 NameQuest="BearQuest" NameMon="Swan Pirate"
                CFrameQuest=CFrame.new(932.624451,156.106079,1180.27466,-0.973085582,4.55137119e-08,-0.230443969,2.67024713e-08,1,8.47491108e-08,0.230443969,7.63147128e-08,-0.973085582)
                CFrameMon=CFrame.new(920.063476,158.212188,1121.406127)
            elseif MyLevel <= 924 then
                Mon="Pirate Officer" LevelQuest=2 NameQuest="BearQuest" NameMon="Pirate Officer"
                CFrameQuest=CFrame.new(932.624451,156.106079,1180.27466,-0.973085582,4.55137119e-08,-0.230443969,2.67024713e-08,1,8.47491108e-08,0.230443969,7.63147128e-08,-0.973085582)
                CFrameMon=CFrame.new(1003.073913,157.380706,1088.044677)
            elseif MyLevel <= 999 then
                Mon="Raider" LevelQuest=1 NameQuest="RaiderQuest" NameMon="Raider"
                CFrameQuest=CFrame.new(-2509.91699,2.04999256,-3205.21948,0.374606609,0,0.927183628,0,1,0,-0.927183628,0,0.374606609)
                CFrameMon=CFrame.new(-2550.421875,5.050495,-3318.543701)
            elseif MyLevel <= 1049 then
                Mon="Mercenary" LevelQuest=2 NameQuest="RaiderQuest" NameMon="Mercenary"
                CFrameQuest=CFrame.new(-2509.91699,2.04999256,-3205.21948,0.374606609,0,0.927183628,0,1,0,-0.927183628,0,0.374606609)
                CFrameMon=CFrame.new(-2439.468750,3.050000,-3413.890625)
            elseif MyLevel <= 1099 then
                Mon="Ship Engineer" LevelQuest=1 NameQuest="LaboratoryQuest" NameMon="Ship Engineer"
                CFrameQuest=CFrame.new(-738.143005,9.46000957,3994.67188,0.707106829,-1.81499623e-10,-0.70710665,-1.81499623e-10,1,2.56368258e-10,0.70710665,2.56368258e-10,0.707106829)
                CFrameMon=CFrame.new(-778.802490,9.050000,4002.302978)
            elseif MyLevel <= 1174 then
                Mon="Horned Warrior" LevelQuest=2 NameQuest="LaboratoryQuest" NameMon="Horned Warrior"
                CFrameQuest=CFrame.new(-738.143005,9.46000957,3994.67188,0.707106829,-1.81499623e-10,-0.70710665,-1.81499623e-10,1,2.56368258e-10,0.70710665,2.56368258e-10,0.707106829)
                CFrameMon=CFrame.new(-743.082458,12.050000,4012.985107)
            elseif MyLevel <= 1249 then
                Mon="Jungle Pirate" LevelQuest=1 NameQuest="JunglePirateQuest" NameMon="Jungle Pirate"
                CFrameQuest=CFrame.new(-1861.95312,9.14001083,-484.547607,-0.999390841,0,0.0349317193,0,1,0,-0.0349317193,0,-0.999390841)
                CFrameMon=CFrame.new(-1941.174072,7.050000,-486.042297)
            elseif MyLevel <= 1324 then
                Mon="Diablo" LevelQuest=2 NameQuest="JunglePirateQuest" NameMon="Diablo"
                CFrameQuest=CFrame.new(-1861.95312,9.14001083,-484.547607,-0.999390841,0,0.0349317193,0,1,0,-0.0349317193,0,-0.999390841)
                CFrameMon=CFrame.new(-1927.765502,8.050000,-478.697265)
            elseif MyLevel <= 1399 then
                Mon="Spinosaurus" LevelQuest=1 NameQuest="DresstroQuest" NameMon="Spinosaurus"
                CFrameQuest=CFrame.new(-4823.18164,7.12000132,3267.94629,0.62932533,0,0.777145624,0,1,0,-0.777145624,0,0.62932533)
                CFrameMon=CFrame.new(-4886.978027,4.050000,3290.067138)
            elseif MyLevel <= 1474 then
                Mon="Dragon Crew Warrior" LevelQuest=2 NameQuest="DresstroQuest" NameMon="Dragon Crew Warrior"
                CFrameQuest=CFrame.new(-4823.18164,7.12000132,3267.94629,0.62932533,0,0.777145624,0,1,0,-0.777145624,0,0.62932533)
                CFrameMon=CFrame.new(-4948.697265,4.050000,3367.614013)
            elseif MyLevel <= 1524 then
                Mon="Dragon Crew Archer" LevelQuest=1 NameQuest="DresstroQuest2" NameMon="Dragon Crew Archer"
                CFrameQuest=CFrame.new(-4823.18164,7.12000132,3267.94629,0.62932533,0,0.777145624,0,1,0,-0.777145624,0,0.62932533)
                CFrameMon=CFrame.new(-5023.988769,4.050000,3329.228515)
            elseif MyLevel <= 1574 then
                Mon="Ship Deckhand" LevelQuest=2 NameQuest="DresstroQuest2" NameMon="Ship Deckhand"
                CFrameQuest=CFrame.new(-4823.18164,7.12000132,3267.94629,0.62932533,0,0.777145624,0,1,0,-0.777145624,0,0.62932533)
                CFrameMon=CFrame.new(-5014.083984,4.050000,3262.895996)
            elseif MyLevel <= 1624 then
                Mon="Brontosaurus" LevelQuest=1 NameQuest="DresstroQuest3" NameMon="Brontosaurus"
                CFrameQuest=CFrame.new(-4823.18164,7.12000132,3267.94629,0.62932533,0,0.777145624,0,1,0,-0.777145624,0,0.62932533)
                CFrameMon=CFrame.new(-4796.455566,4.050000,3164.614013)
            elseif MyLevel <= 1699 then
                Mon="Laboratory Researcher" LevelQuest=2 NameQuest="DresstroQuest3" NameMon="Laboratory Researcher"
                CFrameQuest=CFrame.new(-4823.18164,7.12000132,3267.94629,0.62932533,0,0.777145624,0,1,0,-0.777145624,0,0.62932533)
                CFrameMon=CFrame.new(-4737.052734,4.050000,3192.281494)
            end

        elseif World2 then
            if MyLevel <= 749 then
                Mon="Magma Ninja" LevelQuest=1 NameQuest="FloatingIslandQuest" NameMon="Magma Ninja"
                CFrameQuest=CFrame.new(-2006.31226,60.3500023,928.714905,-0.258812189,0,-0.965922773,0,1,0,0.965922773,0,-0.258812189)
                CFrameMon=CFrame.new(-2064.875976,59.050000,965.394531)
            elseif MyLevel <= 824 then
                Mon="Thunder God" LevelQuest=2 NameQuest="FloatingIslandQuest" NameMon="Thunder God"
                CFrameQuest=CFrame.new(-2006.31226,60.3500023,928.714905,-0.258812189,0,-0.965922773,0,1,0,0.965922773,0,-0.258812189)
                CFrameMon=CFrame.new(-2056.199218,59.050000,893.826416)
            elseif MyLevel <= 924 then
                Mon="Fishman Pirate" LevelQuest=1 NameQuest="FishmanIslandQuest" NameMon="Fishman Pirate"
                CFrameQuest=CFrame.new(60882.765625,18.4974422,1577.3997802)
                CFrameMon=CFrame.new(60878.300781,18.482830,1543.757446)
                if _G.AutoFarm and (CFrameQuest.Position - GetHRP().Position).Magnitude > 10000 then
                    pcall(function() RepStor.Remotes.CommF_:InvokeServer("requestEntrance",Vector3.new(61163.8515625,11.6796875,1819.7841796875)) end)
                end
            end

        elseif World3 then
            if MyLevel <= 1524 then
                Mon="Demonic Soul" LevelQuest=1 NameQuest="HauntedQuest1" NameMon="Demonic Soul"
                CFrameQuest=CFrame.new(-9516.99316,172.017181,6078.46533,0,0,-1,0,1,0,1,0,0)
                CFrameMon=CFrame.new(-9507.234375,172.130615,6107.077148)
            elseif MyLevel <= 1574 then
                Mon="Posessed Mummy" LevelQuest=2 NameQuest="HauntedQuest1" NameMon="Posessed Mummy"
                CFrameQuest=CFrame.new(-9516.99316,172.017181,6078.46533,0,0,-1,0,1,0,1,0,0)
                CFrameMon=CFrame.new(-9540.234375,172.130615,6050.077148)
            elseif MyLevel <= 1674 then
                Mon="Ice Cream Chef" LevelQuest=1 NameQuest="IceCreamQuest" NameMon="Ice Cream Chef"
                CFrameQuest=CFrame.new(-709.3132934,381.600585,-11011.396484)
                CFrameMon=CFrame.new(-702.0,381.6,-11030.0)
            elseif MyLevel <= 1774 then
                Mon="Ice Cream Commander" LevelQuest=2 NameQuest="IceCreamQuest" NameMon="Ice Cream Commander"
                CFrameQuest=CFrame.new(-709.3132934,381.600585,-11011.396484)
                CFrameMon=CFrame.new(-740.0,381.6,-11020.0)
            elseif MyLevel <= 1874 then
                Mon="Cookie Crafter" LevelQuest=1 NameQuest="CakeQuest1" NameMon="Cookie Crafter"
                CFrameQuest=CFrame.new(-709.3132934,381.600585,-11011.396484)
                CFrameMon=CFrame.new(-730.0,381.6,-11040.0)
            elseif MyLevel <= 1974 then
                Mon="Cake Guard" LevelQuest=2 NameQuest="CakeQuest1" NameMon="Cake Guard"
                CFrameQuest=CFrame.new(-709.3132934,381.600585,-11011.396484)
                CFrameMon=CFrame.new(-720.0,381.6,-11050.0)
            elseif MyLevel <= 2074 then
                Mon="Baking Staff" LevelQuest=1 NameQuest="CakeQuest2" NameMon="Baking Staff"
                CFrameQuest=CFrame.new(-709.3132934,381.600585,-11011.396484)
                CFrameMon=CFrame.new(-700.0,381.6,-11060.0)
            elseif MyLevel <= 2174 then
                Mon="Head Baker" LevelQuest=2 NameQuest="CakeQuest2" NameMon="Head Baker"
                CFrameQuest=CFrame.new(-709.3132934,381.600585,-11011.396484)
                CFrameMon=CFrame.new(-710.0,381.6,-11070.0)
            elseif MyLevel <= 2274 then
                Mon="Reborn Skeleton" LevelQuest=1 NameQuest="HauntedQuest2" NameMon="Reborn Skeleton"
                CFrameQuest=CFrame.new(-9516.99316,172.017181,6078.46533,0,0,-1,0,1,0,1,0,0)
                CFrameMon=CFrame.new(-9506.234375,172.130615,6117.077148)
            elseif MyLevel <= 2374 then
                Mon="Living Zombie" LevelQuest=2 NameQuest="HauntedQuest2" NameMon="Living Zombie"
                CFrameQuest=CFrame.new(-9516.99316,172.017181,6078.46533,0,0,-1,0,1,0,1,0,0)
                CFrameMon=CFrame.new(-9520.234375,172.130615,6090.077148)
            else
                Mon="Cursed Skeleton" LevelQuest=1 NameQuest="HauntedQuest3" NameMon="Cursed Skeleton"
                CFrameQuest=CFrame.new(-9516.99316,172.017181,6078.46533,0,0,-1,0,1,0,1,0,0)
                CFrameMon=CFrame.new(-9500.234375,172.130615,6100.077148)
            end
        end
    end)
end

-- -- BRING MONSTER / MAGNET LOOP ---------------------------------------
task.spawn(function()
    while task.wait() do
        pcall(function()
            if not _G.BringMonster then return end
            for _,v in pairs(workspace.Enemies:GetChildren()) do
                if v:FindFirstChild("HumanoidRootPart") and v:FindFirstChild("Humanoid") and v.Humanoid.Health > 0 then
                    local hrp = v.HumanoidRootPart
                    local inRange = (hrp.Position - GetHRP().Position).Magnitude <= _G.BringMode
                    if _G.AutoFarm and StartMagnet and v.Name == Mon and inRange then
                        hrp.Size = Vector3.new(50,50,50)
                        hrp.CFrame = PosMon
                        hrp.CanCollide = false
                        v.Humanoid:ChangeState(14)
                        if v.Head then v.Head.CanCollide = false end
                        if v.Humanoid:FindFirstChild("Animator") then v.Humanoid.Animator:Destroy() end
                        if HAS_HIDDEN then sethiddenproperty(LP,"SimulationRadius",math.huge) end
                    end
                    if _G.Auto_Bone and StartMagnetBoneMon and inRange and
                    (v.Name=="Reborn Skeleton" or v.Name=="Living Zombie" or v.Name=="Demonic Soul" or v.Name=="Posessed Mummy") then
                        hrp.Size = Vector3.new(50,50,50)
                        hrp.CFrame = PosMonBone
                        hrp.CanCollide = false
                        v.Humanoid:ChangeState(14)
                    end
                    if _G.AutoFarmFruitMastery and StartMasteryFruitMagnet and inRange then
                        hrp.Size = Vector3.new(50,50,50)
                        hrp.CFrame = PosMonMasteryFruit
                        hrp.CanCollide = false
                        v.Humanoid:ChangeState(14)
                    end
                    if _G.AutoFarmGunMastery and StartMasteryGunMagnet and inRange then
                        hrp.Size = Vector3.new(50,50,50)
                        hrp.CFrame = PosMonMasteryGun
                        hrp.CanCollide = false
                        v.Humanoid:ChangeState(14)
                    end
                    if _G.AutoSwordMastery and AutoSwordMasteryMag and inRange then
                        hrp.CFrame = PosMon
                        hrp.Size = Vector3.new(60,60,60)
                        hrp.Transparency = 1
                        hrp.CanCollide = false
                        v.Humanoid.JumpPower = 0
                        v.Humanoid.WalkSpeed = 0
                        v.Humanoid:ChangeState(14)
                    end
                    if _G.AutoDoughtBoss and MagnetDought and inRange and
                    (v.Name=="Cookie Crafter" or v.Name=="Cake Guard" or v.Name=="Baking Staff" or v.Name=="Head Baker") then
                        hrp.Size = Vector3.new(50,50,50)
                        hrp.CFrame = PosMonDoughtOpenDoor
                        hrp.CanCollide = false
                        v.Humanoid:ChangeState(14)
                    end
                end
            end
        end)
    end
end)

-- -- INVISIBLE MONSTER -------------------------------------------------
task.spawn(function()
    while task.wait() do
        pcall(function()
            if _G.InvisibleMon then
                for _,v in pairs(workspace.Enemies:GetChildren()) do
                    if v:FindFirstChild("HumanoidRootPart") then
                        for _,p in pairs(v:GetDescendants()) do
                            if p:IsA("BasePart") then p.Transparency = 1 end
                        end
                    end
                end
            end
        end)
    end
end)

-- -- AUTO RESPAWN ------------------------------------------------------
task.spawn(function()
    while task.wait(0.5) do
        pcall(function()
            if cfg.AutoRespawn then
                local hum = LP.Character and LP.Character:FindFirstChildOfClass("Humanoid")
                if hum and hum.Health <= 0 then
                    task.wait(1)
                    if LP.Character:FindFirstChildOfClass("Humanoid") then
                        LP.Character.Humanoid.Health = LP.Character.Humanoid.MaxHealth
                    end
                end
            end
        end)
    end
end)

-- -- ANTI-AFK ---------------------------------------------------------
task.spawn(function()
    while task.wait(20) do
        if cfg.AntiAFK then
            VU:CaptureController()
            VU:ClickButton2(Vector2.new(0,0))
        end
    end
end)

-- -- AUTO HAKI BACKGROUND ---------------------------------------------
task.spawn(function()
    while task.wait(3) do
        pcall(function()
            if _G.AutoHakiEnabled then
                RepStor.Remotes.CommF_:InvokeServer("Buso")
            end
        end)
    end
end)

-- -- INFINITE ENERGY ---------------------------------------------------
task.spawn(function()
    while task.wait(0.2) do
        pcall(function()
            if cfg.InfEnergy then
                RepStor.Remotes.CommF_:InvokeServer("UpdateStamina",99999)
            end
        end)
    end
end)

-- -- NO DODGE COOLDOWN -------------------------------------------------
task.spawn(function()
    while task.wait() do
        pcall(function()
            if cfg.NoDodgeCooldown and LP.Character then
                for _,v in pairs(LP.Character:GetDescendants()) do
                    if (v.Name=="DodgeCooldown") and v:IsA("NumberValue") then
                        v.Value = 0
